0,2631,2631,1249,47.5,1249,1263,1262,1261
1,1349,1349,765,56.7,765,3,2,368
2,3937,3937,2096,53.2,2093,4,1,3
3,1303,1303,676,51.9,676,1,368,4
4,3537,3537,1356,38.3,1353,2,5,3
5,2842,2842,1818,64.0,1818,118,4,502
6,1342,1342,883,65.8,883,9,7,8
7,2121,2121,1517,71.5,1517,8,23,9
8,2216,2216,1311,59.2,1311,7,23,9
9,1635,1635,1096,67.0,1089,6,10,7
10,1142,1142,697,61.0,697,9,11,6
11,1870,1870,1199,64.1,1199,10,905,340
12,2621,2621,1904,72.6,1904,21,6,7
13,3144,3144,2177,69.2,2177,17,16,18
14,3230,3230,1990,61.6,1982,15,82,884
15,3331,3331,2176,65.3,2176,14,19,16
16,4682,4682,3241,69.2,3241,17,13,15
17,3613,3613,2248,62.2,2248,16,13,18
18,3904,3904,2907,74.5,2907,17,13,16
19,3896,3896,2750,70.6,2750,15,260,16
20,1401,1401,972,69.4,972,18,260,17
21,1986,1986,1280,64.5,1244,23,7,8
22,1413,1413,834,59.0,827,23,8,21
23,3327,3327,1947,58.5,1934,8,7,21
24,1934,1934,956,49.4,956,1012,9,22
25,1849,1849,1210,65.4,1210,26,31,56
26,4629,4629,3412,73.7,3412,29,31,25
27,3618,3618,2347,64.9,2347,30,75,28
28,2267,2267,1392,61.4,1392,29,27,30
29,3613,3613,2469,68.3,2422,26,28,30
30,2054,2054,1385,67.4,1385,32,27,29
31,2232,2232,1571,70.4,1556,33,26,34
32,3403,3403,2310,67.9,2310,30,33,29
33,3965,3965,2693,67.9,2693,34,32,31
34,1667,1667,1176,70.5,1176,33,62,31
35,2826,2826,1732,61.3,1732,37,38,36
36,1024,1024,708,69.1,708,39,38,34
37,1518,1518,969,63.8,969,38,35,40
38,1556,1556,1162,74.7,1162,37,36,39
39,2378,2378,1720,72.3,1720,36,38,40
40,3051,3051,2110,69.2,2110,38,39,37
41,4378,4378,2985,68.2,2985,40,46,37
42,2707,2707,1869,69.0,1869,45,43,37
43,2654,2654,1923,72.5,1923,46,42,45
44,3951,3951,2364,59.8,2337,48,43,46
45,4338,4338,3012,69.4,3012,42,43,35
46,6395,6395,4115,64.3,4115,43,47,42
47,4325,4325,3268,75.6,3255,46,41,43
48,2358,2358,1899,80.5,1899,44,60,47
49,4266,4266,3103,72.7,3093,64,65,50
50,5037,5037,2883,57.2,2883,51,49,69
51,3604,3604,2539,70.4,2539,50,69,49
52,5093,5093,3853,75.7,3840,49,65,50
53,4413,4413,3393,76.9,3393,44,48,54
54,4728,4728,3608,76.3,3608,56,25,45
55,3506,3506,2649,75.6,2649,57,72,56
56,3768,3768,2684,71.2,2684,25,26,28
57,2910,2910,2155,74.1,2146,73,74,55
58,3966,3966,3051,76.9,3051,60,59,48
59,3866,3866,2914,75.4,2914,60,61,47
60,5120,5120,3988,77.9,3957,48,47,46
61,5607,5607,4323,77.1,4323,41,47,65
62,1782,1782,1244,69.8,1244,63,39,34
63,2378,2378,1475,62.0,1475,62,65,64
64,2226,2226,1432,64.3,1432,65,63,49
65,4179,4179,3105,74.3,3105,64,63,49
66,2683,2683,1757,65.5,1757,30,27,32
67,5209,5209,3878,74.4,3878,69,74,75
68,3596,3596,2436,67.7,2436,66,64,69
69,1746,1746,1412,80.9,1412,67,68,66
70,4767,4767,3833,80.4,3827,52,71,51
71,2305,2305,1755,76.1,1755,70,87,459
72,4329,4329,2851,65.9,2851,57,55,73
73,3962,3962,2986,75.4,2986,74,67,75
74,3034,3034,2125,70.0,2125,75,73,67
75,2031,2031,1350,66.5,1350,74,27,30
76,2148,2148,1518,70.7,1518,77,79,874
77,2383,2383,1542,64.7,1542,76,283,874
78,1829,1829,1145,62.6,1145,875,79,874
79,2102,2102,1379,65.6,1379,76,78,80
80,2598,2598,1867,71.9,1864,1062,79,1059
81,3706,3706,1896,51.2,1895,82,83,1090
82,1604,1604,941,58.7,941,1092,884,81
83,2030,2030,1041,51.3,1041,84,81,85
84,1766,1766,999,56.6,999,83,85,884
85,2396,2396,1533,64.0,1516,86,84,885
86,1582,1582,1009,63.8,1009,885,85,84
87,3680,3680,2652,72.1,2652,88,71,70
88,2776,2776,2118,76.3,2118,94,87,95
89,2886,2886,2017,69.9,2017,831,832,90
90,2883,2883,2186,75.8,2186,97,830,831
91,4552,4552,3498,76.8,3498,96,92,97
92,1918,1918,1502,78.3,1502,97,90,96
93,2854,2854,1935,67.8,1935,94,91,301
94,4212,4212,2943,69.9,2943,88,93,87
95,4324,4324,2966,68.6,2966,463,1040,1039
96,2501,2501,1983,79.3,1983,840,97,830
97,3745,3745,2933,78.3,2933,90,830,92
98,2323,2323,1665,71.7,1665,272,271,273
99,5071,5071,3790,74.7,3781,100,98,272
100,4556,4556,3124,68.6,3124,99,102,98
101,3776,3776,2862,75.8,2862,271,98,281
102,4119,4119,2538,61.6,2538,100,103,99
103,5688,5688,4127,72.6,4127,102,269,100
104,4227,4227,3047,72.1,3047,267,103,105
105,4868,4868,3135,64.4,3127,104,1053,992
106,3332,3332,2151,64.6,2151,991,107,102
107,4899,4899,3314,67.6,3299,101,100,106
108,3490,3490,2487,71.3,2487,1056,1055,109
109,3060,3060,2099,68.6,2099,108,112,1056
110,3250,3250,1996,61.4,1996,111,1053,109
111,2763,2763,1817,65.8,1817,110,114,115
112,3557,3557,2542,71.5,2542,109,108,113
113,3666,3666,2492,68.0,2492,114,1254,112
114,3176,3176,1899,59.8,1895,115,113,111
115,2686,2686,1658,61.7,1658,114,343,111
116,3216,3216,2304,71.6,2298,117,331,225
117,4643,4643,3319,71.5,3313,119,124,120
118,3119,3119,2259,72.4,2252,5,1006,1005
119,3248,3248,2173,66.9,2173,120,501,121
120,4018,4018,2835,70.6,2835,119,121,123
121,3195,3195,2449,76.7,2449,123,120,119
122,4414,4414,3150,71.4,3150,123,1006,1007
123,3583,3583,2601,72.6,2588,121,122,195
124,3334,3334,2394,71.8,2391,125,218,117
125,2880,2880,2235,77.6,2232,126,124,202
126,3858,3858,2502,64.9,2502,125,202,238
127,2180,2180,1355,62.2,1355,1069,129,128
128,1997,1997,1317,65.9,1317,1069,129,127
129,2023,2023,1392,68.8,1392,127,130,128
130,2588,2588,1579,61.0,1573,132,131,310
131,1727,1727,1145,66.3,1145,132,130,310
132,3048,3048,1697,55.7,1697,131,130,310
133,2053,2053,1390,67.7,1390,134,135,193
134,1789,1789,1261,70.5,1261,142,133,135
135,2629,2629,1755,66.8,1755,142,137,134
136,4107,4107,3225,78.5,3225,137,135,140
137,4602,4602,3387,73.6,3387,193,135,136
138,2669,2669,1993,74.7,1985,146,147,139
139,1986,1986,1434,72.2,1434,138,143,134
140,2333,2333,1715,73.5,1715,144,136,192
141,4416,4416,3361,76.1,3361,142,143,139
142,1543,1543,625,40.5,625,134,135,141
143,3716,3716,2782,74.9,2782,145,139,141
144,5365,5365,4565,85.1,4565,140,141,192
145,3547,3547,2959,83.4,2959,143,146,139
146,2608,2608,1872,71.8,1872,138,156,145
147,3068,3068,2142,69.8,2142,184,138,150
148,1572,1572,1164,74.0,1164,149,150,151
149,5341,5341,3676,68.8,3632,148,150,183
150,2188,2188,1614,73.8,1614,148,149,147
151,4079,4079,2742,67.2,2742,152,153,162
152,3699,3699,1603,43.3,1603,151,153,159
153,5591,5591,4259,76.2,4259,151,162,152
154,2048,2048,1624,79.3,1624,155,161,153
155,4202,4202,2854,67.9,2854,154,161,153
156,3888,3888,3006,77.3,3006,150,146,148
157,1639,1639,1323,80.7,1323,158,187,186
158,4533,4533,3751,82.7,3751,157,187,186
159,2659,2659,1564,58.8,1564,162,160,161
160,4548,4548,2384,52.4,2352,159,163,162
161,2338,2338,2009,85.9,2009,163,162,159
162,5762,5762,2979,51.7,2979,159,161,160
163,2113,2113,1006,47.6,1006,161,160,159
164,2482,2482,2234,90.0,2234,165,163,160
165,2970,2970,2551,85.9,2551,167,164,185
166,4877,4877,3824,78.4,3819,167,177,174
167,4495,4495,3664,81.5,3664,165,166,168
168,3490,3490,2212,63.4,2197,185,172,167
169,2238,2238,1387,62.0,1378,171,185,172
170,1729,1729,816,47.2,816,169,171,185
171,2745,2745,2094,76.3,2094,169,172,170
172,2751,2751,1801,65.5,1801,171,168,169
173,1414,1414,881,62.3,881,175,172,174
174,1402,1402,1021,72.8,1021,177,176,166
175,4593,4593,3722,81.0,3722,173,176,174
176,4281,4281,3481,81.3,3470,181,174,175
177,2659,2659,2037,76.6,2037,178,166,174
178,1858,1858,1431,77.0,1431,177,179,182
179,2378,2378,1521,64.0,1521,187,178,182
180,4177,4177,3131,75.0,3131,181,177,178
181,2713,2713,1885,69.5,1885,180,176,177
182,4983,4983,3852,77.3,3852,179,178,180
183,2095,2095,1497,71.5,1497,149,184,147
184,1204,1204,738,61.3,738,147,183,138
185,1046,1046,669,64.0,666,168,169,165
186,3076,3076,2342,76.1,2342,187,179,178
187,2787,2787,1875,67.3,1875,186,179,157
188,1921,1921,1509,78.6,1509,182,179,187
189,4433,4433,3256,73.4,3256,158,188,210
190,4662,4662,3408,73.1,3408,191,145,143
191,5088,5088,4057,79.7,4049,190,145,143
192,1449,1449,1095,75.6,1095,140,144,136
193,3654,3654,2670,73.1,2670,194,137,135
194,3498,3498,2704,77.3,2704,193,137,133
195,4532,4532,3356,74.1,3310,196,170,171
196,2238,2238,1839,82.2,1839,195,170,171
197,2990,2990,2229,74.5,2229,199,198,200
198,2906,2906,2294,78.9,2283,199,197,200
199,3660,3660,2801,76.5,2801,197,198,200
200,4980,4980,3525,70.8,3478,198,201,199
201,2767,2767,2106,76.1,2106,200,198,199
202,4471,4471,3487,78.0,3487,201,126,200
203,4957,4957,3730,75.2,3730,204,351,352
204,4046,4046,3120,77.1,3120,206,207,203
205,2064,2064,1598,77.4,1591,985,986,206
206,1693,1693,1165,68.8,1165,208,207,204
207,5358,5358,3895,72.7,3880,208,206,189
208,4008,4008,3022,75.4,3022,206,207,205
209,3721,3721,2981,80.1,2981,210,211,189
210,5009,5009,3770,75.3,3770,209,211,189
211,3776,3776,2385,63.2,2385,210,191,209
212,3508,3508,2702,77.0,2702,214,320,220
213,2862,2862,2158,75.4,2158,217,214,216
214,5703,5703,4274,74.9,4271,213,212,216
215,2950,2950,2154,73.0,2154,216,217,1008
216,3212,3212,2520,78.5,2520,215,192,140
217,3466,3466,2609,75.3,2604,1008,213,215
218,3211,3211,2545,79.3,2523,219,197,175
219,3915,3915,3308,84.5,3281,218,196,171
220,3305,3305,2480,75.0,2480,144,192,140
221,4461,4461,3445,77.2,3445,233,234,232
222,2622,2622,1903,72.6,1903,223,232,300
223,6894,6894,2763,40.1,2763,300,222,299
224,3640,3640,2627,72.2,2627,227,228,229
225,3973,3973,1521,38.3,1521,332,226,224
226,3707,3707,2120,57.2,2117,230,227,229
227,3691,3691,2503,67.8,2503,228,229,230
228,2716,2716,1875,69.0,1875,229,227,230
229,3171,3171,2032,64.1,2032,230,228,227
230,3273,3273,2362,72.2,2362,229,227,228
231,3667,3667,2142,58.4,2142,232,237,228
232,2784,2784,2059,74.0,2059,233,222,231
233,4185,4185,3172,75.8,3172,234,232,221
234,2955,2955,2163,73.2,2163,233,232,235
235,4059,4059,3073,75.7,3073,1106,1109,1105
236,3348,3348,2357,70.4,2353,365,235,240
237,2390,2390,1699,71.1,1699,239,240,348
238,3516,3516,2649,75.3,2649,126,230,229
239,4510,4510,3373,74.8,3373,240,348,347
240,2016,2016,1173,58.2,1173,348,239,347
241,2023,2023,988,48.8,988,242,244,243
242,2010,2010,1301,64.7,1301,243,244,497
243,2279,2279,1362,59.8,1362,244,242,246
244,2811,2811,1823,64.9,1823,243,242,246
245,2722,2722,1925,70.7,1925,248,401,400
246,3685,3685,2411,65.4,2392,247,248,245
247,4590,4590,3409,74.3,3396,246,248,245
248,1742,1742,1202,69.0,1192,245,249,247
249,1740,1740,1228,70.6,1228,248,245,494
250,2301,2301,1399,60.8,1399,252,251,253
251,2714,2714,1877,69.2,1877,250,256,252
252,2663,2663,1876,70.4,1865,250,253,251
253,3560,3560,2564,72.0,2564,252,250,258
254,3506,3506,2334,66.6,2323,253,258,252
255,2638,2638,1844,69.9,1841,252,253,251
256,1940,1940,1354,69.8,1344,251,255,252
257,1590,1590,1153,72.5,1118,256,251,255
258,1674,1674,1200,71.7,1200,250,253,252
259,3670,3670,2552,69.5,2552,255,257,256
260,3002,3002,2098,69.9,2098,262,19,261
261,3664,3664,2538,69.3,2538,264,1000,266
262,4546,4546,3216,70.7,3209,264,263,260
263,4407,4407,3335,75.7,3315,282,266,262
264,5403,5403,3266,60.4,3236,266,262,261
265,3231,3231,2426,75.1,2426,266,264,876
266,6940,6940,4061,58.5,4061,264,265,263
267,3624,3624,2263,62.4,2260,268,104,344
268,3732,3732,2745,73.6,2743,269,270,267
269,2583,2583,1942,75.2,1942,103,99,270
270,4994,4994,3554,71.2,3544,277,276,275
271,4010,4010,3034,75.7,3034,273,98,279
272,3516,3516,2776,79.0,2754,98,273,271
273,3702,3702,2898,78.3,2898,279,274,284
274,4361,4361,3134,71.9,3121,275,273,279
275,2951,2951,1967,66.7,1967,276,274,284
276,2998,2998,2274,75.9,2274,275,284,274
277,4598,4598,3198,69.6,3198,275,276,274
278,3674,3674,2748,74.8,2748,280,284,279
279,1831,1831,1007,55.0,1007,284,273,274
280,4687,4687,3625,77.3,3625,284,278,279
281,3644,3644,2678,73.5,2669,282,280,278
282,2491,2491,1880,75.5,1880,281,280,278
283,4273,4273,3242,75.9,3239,278,276,275
284,5696,5696,3231,56.7,3212,279,274,275
285,1575,1575,974,61.8,974,487,304,305
286,3556,3556,2389,67.2,2389,287,293,290
287,2189,2189,1681,76.8,1681,290,286,288
288,4729,4729,3431,72.6,3431,289,287,290
289,2361,2361,1641,69.5,1641,288,290,287
290,2846,2846,1993,70.0,1993,292,287,286
291,3030,3030,2275,75.1,2275,289,288,290
292,3736,3736,3021,80.9,3021,294,293,290
293,2464,2464,1599,64.9,1599,292,294,286
294,2279,2279,1351,59.3,1351,292,293,290
295,5068,5068,3809,75.2,3776,288,287,289
296,4835,4835,3551,73.4,3536,295,291,1229
297,2391,2391,1684,70.4,1684,298,299,330
298,4930,4930,3109,63.1,3109,297,330,327
299,3060,3060,2310,75.5,2307,300,297,223
300,3932,3932,2717,69.1,2717,223,299,222
301,3642,3642,2655,72.9,2651,1040,95,93
302,5230,5230,3520,67.3,3520,1096,1097,1104
303,1135,1135,641,56.5,641,814,305,306
304,2216,2216,1232,55.6,1232,305,805,285
305,2244,2244,1208,53.8,1208,306,304,303
306,2182,2182,1176,53.9,1176,305,432,303
307,3005,3005,1930,64.2,1930,308,309,953
308,3506,3506,1848,52.7,1816,307,309,953
309,3143,3143,2234,71.1,2234,308,307,313
310,2875,2875,1937,67.4,1937,130,132,311
311,3076,3076,2086,67.8,2086,313,310,314
312,2787,2787,1910,68.5,1910,313,316,314
313,3168,3168,1984,62.6,1984,312,311,314
314,2465,2465,1734,70.3,1731,317,316,312
315,3372,3372,2133,63.3,2133,316,427,317
316,6929,6929,4189,60.5,4189,315,314,312
317,3425,3425,2432,71.0,2422,318,314,316
318,3458,3458,2456,71.0,2456,317,314,315
319,4647,4647,3694,79.5,3691,321,209,211
320,4000,4000,3040,76.0,3040,212,322,323
321,3735,3735,2507,67.1,2507,324,319,322
322,3744,3744,2370,63.3,2370,323,324,325
323,3177,3177,2259,71.1,2259,322,324,325
324,2613,2613,1935,74.1,1935,323,322,321
325,3173,3173,2339,73.7,2339,323,322,324
326,3504,3504,2507,71.5,2507,983,321,984
327,2685,2685,1941,72.3,1941,328,1209,330
328,2314,2314,1728,74.7,1728,327,1209,330
329,2470,2470,1605,65.0,1603,331,330,332
330,2353,2353,1524,64.8,1524,298,327,332
331,2289,2289,1476,64.5,1466,329,332,500
332,3099,3099,2096,67.6,2096,225,330,331
333,2968,2968,2277,76.7,2277,1009,337,336
334,2547,2547,1737,68.2,1735,335,953,307
335,2502,2502,1748,69.9,1748,334,338,336
336,3804,3804,2728,71.7,2728,338,337,333
337,3596,3596,2800,77.9,2800,336,333,425
338,2940,2940,2168,73.7,2168,336,426,335
339,2027,2027,1193,58.9,1193,340,341,6
340,1269,1269,789,62.2,789,339,11,6
341,1950,1950,950,48.7,949,1072,339,904
342,3171,3171,1327,41.8,1327,796,346,343
343,2571,2571,1710,66.5,1710,346,344,115
344,3252,3252,2311,71.1,2300,343,1057,1060
345,3277,3277,2173,66.3,2173,346,415,343
346,3956,3956,2436,61.6,2436,343,345,344
347,4269,4269,3322,77.8,3313,348,240,239
348,2469,2469,1960,79.4,1960,240,239,347
349,4715,4715,3471,73.6,3443,350,351,356
350,4843,4843,3512,72.5,3512,351,349,352
351,1294,1294,855,66.1,855,350,352,349
352,2710,2710,1855,68.5,1839,358,360,350
353,3388,3388,2562,75.6,2559,356,357,364
354,3386,3386,2509,74.1,2509,1186,365,1191
355,3079,3079,2214,71.9,2211,363,353,357
356,3073,3073,1995,64.9,1995,357,353,360
357,3222,3222,2333,72.4,2333,356,360,362
358,1846,1846,1228,66.5,1228,352,361,360
359,1376,1376,1033,75.1,1033,362,1077,1078
360,4495,4495,3122,69.5,3122,361,362,357
361,2672,2672,1898,71.0,1898,362,360,359
362,3035,3035,2110,69.5,2110,361,360,359
363,6025,6025,3981,66.1,3981,1076,1075,355
364,1093,1093,795,72.7,795,347,348,353
365,3392,3392,2683,79.1,2683,1191,347,354
366,2284,2284,1419,62.1,1419,1255,367,1
367,2990,2990,1995,66.7,1971,802,369,370
368,4164,4164,2808,67.4,2759,369,3,371
369,3332,3332,2011,60.4,1988,368,371,367
370,2765,2765,1896,68.6,1893,367,369,1065
371,3294,3294,2251,68.3,2243,369,368,1004
372,4189,4189,2244,53.6,2236,373,377,378
373,2808,2808,1901,67.7,1901,376,377,372
374,5032,5032,3266,64.9,3246,375,381,932
375,3913,3913,2760,70.5,2743,381,380,376
376,2100,2100,1360,64.8,1360,377,373,380
377,2550,2550,1721,67.5,1721,376,379,373
378,2229,2229,1057,47.4,1047,377,385,379
379,2367,2367,1415,59.8,1415,383,377,384
380,3459,3459,2535,73.3,2535,382,379,376
381,2598,2598,1778,68.4,1778,375,380,382
382,2560,2560,1800,70.3,1791,380,384,383
383,3078,3078,1550,50.4,1550,379,384,389
384,1757,1757,1347,76.7,1347,383,389,379
385,1539,1539,1059,68.8,1059,386,383,384
386,1999,1999,1474,73.7,1462,385,378,389
387,4367,4367,3247,74.4,3247,388,390,391
388,4170,4170,2575,61.8,2552,389,390,384
389,2981,2981,2101,70.5,2087,384,383,388
390,4423,4423,2738,61.9,2738,391,389,388
391,3905,3905,2406,61.6,2395,390,392,382
392,2700,2700,2048,75.9,2021,391,382,390
393,3897,3897,2886,74.1,2877,396,397,395
394,2524,2524,1846,73.1,1846,395,396,397
395,4146,4146,3032,73.1,3013,397,394,396
396,2960,2960,2238,75.6,2226,397,394,395
397,3599,3599,2706,75.2,2695,395,396,394
398,3375,3375,2277,67.5,2277,399,1087,944
399,3853,3853,2637,68.4,2637,398,394,395
400,2526,2526,1627,64.4,1627,401,245,247
401,2071,2071,1443,69.7,1443,400,245,248
402,4954,4954,3086,62.3,3067,457,458,58
403,4179,4179,3094,74.0,3094,404,421,419
404,3932,3932,2892,73.6,2892,406,403,409
405,2089,2089,1430,68.5,1430,404,419,406
406,4683,4683,2287,48.8,2287,404,409,407
407,1657,1657,1086,65.5,1086,408,406,409
408,3558,3558,2546,71.6,2546,407,414,412
409,2625,2625,1862,70.9,1862,411,406,412
410,3256,3256,2166,66.5,2166,411,412,409
411,3172,3172,2347,74.0,2338,412,410,409
412,1777,1777,1330,74.8,1330,411,414,409
413,3511,3511,2070,59.0,2070,414,412,411
414,3277,3277,2294,70.0,2294,413,412,408
415,4101,4101,3088,75.3,3060,416,420,798
416,3272,3272,2291,70.0,2277,420,415,424
417,4729,4729,3683,77.9,3671,418,419,403
418,1346,1346,1005,74.7,1005,417,419,405
419,3785,3785,2849,75.3,2839,403,405,404
420,4040,4040,3114,77.1,3074,421,416,422
421,4635,4635,3006,64.9,2995,403,404,407
422,2410,2410,1760,73.0,1760,407,408,421
423,4382,4382,2800,63.9,2788,414,413,408
424,2499,2499,1841,73.7,1838,416,423,422
425,2391,2391,1611,67.4,1611,429,337,426
426,2892,2892,2021,69.9,2012,338,427,336
427,2537,2537,1891,74.5,1891,315,428,426
428,2510,2510,1715,68.3,1715,427,426,318
429,2654,2654,1902,71.7,1898,425,426,325
430,2144,2144,1480,69.0,1480,433,434,480
431,3241,3241,2308,71.2,2308,434,433,1022
432,1574,1574,921,58.5,921,431,306,434
433,3665,3665,2374,64.8,2374,434,430,431
434,3346,3346,2084,62.3,2084,433,431,430
435,1924,1924,1228,63.8,1228,439,816,436
436,2009,2009,1059,52.7,1059,822,439,435
437,1657,1657,755,45.6,755,820,436,822
438,1575,1575,1112,70.6,1112,442,437,441
439,1482,1482,995,67.1,995,435,441,436
440,3528,3528,2669,75.7,2665,444,441,443
441,3140,3140,2097,66.8,2097,443,444,442
442,2647,2647,1767,66.8,1767,443,444,441
443,2426,2426,1762,72.6,1762,444,442,441
444,3137,3137,2078,66.2,2068,443,442,441
445,4284,4284,2909,67.9,2909,446,448,456
446,2082,2082,1431,68.7,1431,445,449,448
447,4681,4681,2828,60.4,2828,446,450,449
448,3439,3439,2583,75.1,2583,449,445,446
449,2166,2166,1596,73.7,1596,448,446,452
450,4267,4267,2655,62.2,2655,451,449,447
451,4577,4577,2940,64.2,2940,452,450,449
452,3453,3453,2254,65.3,2254,451,449,448
453,2077,2077,1201,57.8,1201,455,454,456
454,3999,3999,2726,68.2,2726,455,456,453
455,1645,1645,1009,61.3,1009,453,454,456
456,2353,2353,1536,65.3,1525,454,455,445
457,3669,3669,2610,71.1,2610,454,453,455
458,4537,4537,3383,74.6,3383,447,446,445
459,3557,3557,2734,76.9,2734,460,71,87
460,4599,4599,3318,72.1,3314,462,459,461
461,3042,3042,2130,70.0,2130,450,447,451
462,4070,4070,2969,72.9,2969,1037,1038,460
463,3034,3034,2250,74.2,2250,1039,95,1040
464,2762,2762,1652,59.8,1652,468,470,465
465,2537,2537,1749,68.9,1738,471,464,466
466,4222,4222,2724,64.5,2724,465,471,464
467,4891,4891,3475,71.0,3464,468,464,469
468,2279,2279,1596,70.0,1596,469,467,464
469,1712,1712,1159,67.7,1159,468,470,464
470,3218,3218,2133,66.3,2133,464,472,468
471,4163,4163,2744,65.9,2744,465,464,472
472,2856,2856,2062,72.2,2047,473,470,464
473,1946,1946,1346,69.2,1337,472,474,470
474,2970,2970,2187,73.6,2187,473,476,472
475,3707,3707,2787,75.2,2787,476,473,471
476,4650,4650,3505,75.4,3505,475,474,473
477,4347,4347,3207,73.8,3191,482,478,474
478,5381,5381,3795,70.5,3795,469,473,474
479,3235,3235,2447,75.6,2447,466,467,465
480,4519,4519,3430,75.9,3430,481,475,1023
481,3016,3016,2100,69.6,2098,891,480,1023
482,4389,4389,3262,74.3,3262,477,483,892
483,4651,4651,3529,75.9,3521,477,482,484
484,2809,2809,2081,74.1,2081,1253,1250,1249
485,2595,2595,1717,66.2,1717,108,484,1056
486,2376,2376,1446,60.9,1446,487,488,490
487,4005,4005,2261,56.5,2261,489,486,488
488,2007,2007,1186,59.1,1186,490,491,489
489,2745,2745,1349,49.1,1349,806,490,488
490,1851,1851,1232,66.6,1232,488,492,489
491,2289,2289,1510,66.0,1510,495,496,493
492,3148,3148,2174,69.1,2174,490,493,810
493,4390,4390,2558,58.3,2558,810,494,492
494,2312,2312,1712,74.0,1712,496,495,497
495,2812,2812,1854,65.9,1854,496,494,497
496,3465,3465,2174,62.7,2174,495,497,494
497,3110,3110,1995,64.1,1995,496,495,494
498,2396,2396,1297,54.1,1297,499,1210,1207
499,2149,2149,1283,59.7,1281,498,500,502
500,3082,3082,1969,63.9,1965,499,117,501
501,2147,2147,1448,67.4,1443,502,119,118
502,2900,2900,1842,63.5,1842,501,5,499
503,748,748,459,61.4,459,1018,1019,1020
504,3818,3818,1893,49.6,1893,505,700,516
505,3228,3228,2074,64.3,2074,504,516,511
506,3404,3404,2292,67.3,2292,507,1123,1118
507,4295,4295,3391,79.0,3334,511,509,505
508,1130,1130,877,77.6,877,509,510,512
509,1993,1993,1581,79.3,1581,510,508,511
510,1366,1366,1158,84.8,1158,509,513,514
511,2731,2731,1801,65.9,1792,523,514,509
512,1873,1873,1431,76.4,1431,513,711,510
513,2341,2341,1728,73.8,1728,512,510,514
514,3024,3024,1659,54.9,1659,513,510,523
515,4750,4750,3036,63.9,3036,522,516,523
516,2918,2918,1730,59.3,1730,515,505,517
517,3711,3711,2385,64.3,2385,520,521,518
518,2465,2465,1781,72.3,1781,702,517,520
519,2768,2768,2113,76.3,2113,530,520,529
520,1877,1877,1471,78.4,1471,529,517,519
521,1791,1791,1227,68.5,1227,528,522,527
522,2675,2675,1622,60.6,1622,527,521,515
523,1660,1660,988,59.5,988,524,525,514
524,2154,2154,1445,67.1,1445,523,525,526
525,1888,1888,1415,74.9,1415,526,524,542
526,3273,3273,2370,72.4,2370,525,542,524
527,2044,2044,1228,60.1,1228,539,522,528
528,2275,2275,1310,57.6,1310,538,521,537
529,1735,1735,1009,58.2,1009,537,534,520
530,1633,1633,941,57.6,941,519,533,534
531,1363,1363,941,69.0,941,532,703,552
532,3041,3041,1829,60.1,1829,531,552,551
533,1527,1527,719,47.1,719,530,534,535
534,1505,1505,968,64.3,968,535,529,537
535,2177,2177,1522,69.9,1522,534,550,536
536,1299,1299,826,63.6,826,549,537,535
537,1658,1658,856,51.6,856,529,536,534
538,1272,1272,730,57.4,730,528,540,537
539,2766,2766,1841,66.6,1841,527,541,540
540,2363,2363,1728,73.1,1728,545,538,539
541,2038,2038,1387,68.1,1387,544,539,527
542,3603,3603,2496,69.3,2496,526,543,525
543,4310,4310,2975,69.0,2975,542,563,564
544,2675,2675,1858,69.5,1858,541,560,540
545,1317,1317,821,62.3,821,546,540,549
546,1671,1671,1211,72.5,1211,545,559,547
547,1703,1703,1140,66.9,1140,549,558,548
548,1870,1870,1111,59.4,1111,557,550,547
549,1800,1800,1050,58.3,1050,547,536,545
550,2073,2073,1315,63.4,1315,535,548,551
551,2163,2163,1241,57.4,1241,556,550,533
552,3687,3687,2056,55.8,2056,555,532,551
553,2745,2745,1993,72.6,1993,707,578,703
554,1881,1881,905,48.1,905,577,555,576
555,2446,2446,1530,62.6,1530,552,577,554
556,3035,3035,1783,58.7,1783,574,551,572
557,3041,3041,1833,60.3,1833,548,571,558
558,3229,3229,2470,76.5,2470,547,569,570
559,3378,3378,2504,74.1,2486,568,546,558
560,2403,2403,1599,66.5,1599,567,544,546
561,1166,1166,856,73.4,856,562,563,543
562,1649,1649,1055,64.0,1055,561,566,563
563,3230,3230,1907,59.0,1892,564,562,561
564,2805,2805,1969,70.2,1962,563,565,543
565,1811,1811,1317,72.7,1317,715,563,564
566,1971,1971,1585,80.4,1585,562,716,567
567,2564,2564,1870,72.9,1870,718,560,566
568,2600,2600,1887,72.6,1877,600,559,569
569,1692,1692,1044,61.7,1044,570,599,558
570,1421,1421,994,70.0,994,569,598,571
571,1947,1947,1028,52.8,1028,570,597,596
572,1815,1815,1098,60.5,1098,596,557,573
573,1950,1950,996,51.1,996,574,594,595
574,1538,1538,730,47.5,730,573,556,572
575,2105,2105,1010,48.0,1010,577,592,593
576,1276,1276,677,53.1,677,577,591,780
577,1939,1939,1090,56.2,1090,554,576,575
578,1728,1728,1019,59.0,1019,579,580,576
579,1681,1681,979,58.2,979,578,780,590
580,1583,1583,1274,80.5,1274,581,589,590
581,2470,2470,1766,71.5,1766,580,582,589
582,2574,2574,1867,72.5,1867,710,587,581
583,3544,3544,1887,53.2,1883,584,709,585
584,1936,1936,1545,79.8,1545,585,583,587
585,3075,3075,2366,76.9,2354,584,791,586
586,3853,3853,3263,84.7,3263,587,588,609
587,3025,3025,2280,75.4,2280,586,582,588
588,1561,1561,1310,83.9,1310,589,586,608
589,1960,1960,1377,70.3,1377,590,580,608
590,1153,1153,519,45.0,519,589,780,607
591,853,853,457,53.6,457,592,576,778
592,1009,1009,420,41.6,420,593,591,575
593,992,992,544,54.8,544,594,592,777
594,1212,1212,313,25.8,313,593,595,573
595,1546,1546,800,51.7,800,594,596,573
596,1607,1607,559,34.8,559,595,605,571
597,1548,1548,860,55.6,860,605,598,571
598,1380,1380,1009,73.1,1009,599,570,603
599,1408,1408,951,67.5,951,598,569,600
600,2046,2046,1631,79.7,1631,601,599,568
601,1978,1978,1665,84.2,1665,600,602,617
602,1700,1700,1329,78.2,1329,617,599,601
603,1232,1232,674,54.7,674,598,602,597
604,1145,1145,725,63.3,725,615,605,606
605,998,998,670,67.1,670,604,597,596
606,773,773,441,57.1,441,781,595,605
607,926,926,647,69.9,647,608,779,590
608,1915,1915,1426,74.5,1426,607,589,612
609,1928,1928,1391,72.1,1391,792,791,586
610,2991,2991,2608,87.2,2608,611,612,630
611,1545,1545,1308,84.7,1308,610,613,630
612,2233,2233,1793,80.3,1793,610,611,608
613,1856,1856,1103,59.4,1103,611,631,614
614,844,844,734,87.0,734,613,607,779
615,1714,1714,1224,71.4,1224,627,604,626
616,630,630,357,56.7,357,624,627,626
617,2272,2272,1657,72.9,1657,602,618,601
618,1615,1615,1156,71.6,1156,617,623,624
619,1810,1810,1321,73.0,1321,722,622,623
620,1050,1050,774,73.7,774,721,622,726
621,2334,2334,1816,77.8,1816,729,728,620
622,2544,2544,1850,72.7,1843,619,725,623
623,1497,1497,1150,76.8,1150,619,723,622
624,810,810,508,62.7,508,625,616,626
625,2452,2452,1500,61.2,1500,626,790,624
626,1729,1729,1166,67.4,1158,627,625,628
627,2100,2100,1087,51.8,1081,626,615,628
628,1140,1140,622,54.6,622,634,635,784
629,810,810,510,63.0,510,783,786,632
630,2294,2294,1907,83.1,1907,631,611,610
631,2378,2378,1843,77.5,1843,613,630,611
632,3316,3316,1631,49.2,1631,633,787,785
633,2967,2967,1662,56.0,1662,634,632,785
634,1777,1777,987,55.5,987,633,628,635
635,1219,1219,756,62.0,756,628,634,626
636,2168,2168,1528,70.5,1528,643,637,647
637,2419,2419,1549,64.0,1549,642,638,636
638,2703,2703,1830,67.7,1830,641,790,637
639,2318,2318,1532,66.1,1532,640,790,638
640,2319,2319,1780,76.8,1780,650,639,641
641,2526,2526,1458,57.7,1458,638,649,642
642,2862,2862,1881,65.7,1881,637,648,647
643,2905,2905,1935,66.6,1935,636,647,646
644,1994,1994,1347,67.6,1347,645,788,646
645,1655,1655,1043,63.0,1036,644,646,789
646,2268,2268,1530,67.5,1530,647,655,643
647,2114,2114,1313,62.1,1313,643,646,654
648,3107,3107,2013,64.8,2013,653,642,647
649,4322,4322,2640,61.1,2640,641,652,648
650,1917,1917,1104,57.6,1104,640,651,649
651,1687,1687,1151,68.2,1151,652,666,650
652,2772,2772,1831,66.1,1831,649,651,666
653,2072,2072,1371,66.2,1371,648,665,654
654,2482,2482,1788,72.0,1788,655,664,647
655,2107,2107,1495,71.0,1495,663,654,646
656,2386,2386,1693,71.0,1693,789,661,645
657,2589,2589,2081,80.4,1988,656,658,644
658,1401,1401,1038,74.1,1038,660,659,685
659,1461,1461,1166,79.8,1166,685,774,658
660,1966,1966,1548,78.7,1548,661,658,684
661,1103,1103,871,79.0,871,656,660,683
662,1333,1333,1051,78.8,1051,682,683,680
663,2176,2176,1224,56.3,1224,655,682,664
664,2098,2098,1269,60.5,1269,681,654,663
665,1380,1380,888,64.3,888,653,652,648
666,1154,1154,789,68.4,789,651,652,677
667,3671,3671,2618,71.3,2618,668,651,747
668,2655,2655,1750,65.9,1750,747,677,667
669,2691,2691,1899,70.6,1899,670,738,675
670,2137,2137,1603,75.0,1603,669,738,739
671,3185,3185,2101,66.0,2101,734,672,735
672,2702,2702,1896,70.2,1896,671,744,734
673,3074,3074,1963,63.9,1963,674,740,670
674,3994,3994,2720,68.1,2720,673,745,744
675,4173,4173,2920,70.0,2920,669,676,670
676,2699,2699,1956,72.5,1956,675,747,745
677,2494,2494,1627,65.2,1627,666,678,668
678,2292,2292,1486,64.8,1486,665,681,679
679,2174,2174,1716,78.9,1716,690,678,677
680,2832,2832,1936,68.4,1936,681,682,662
681,2185,2185,1470,67.3,1470,664,682,680
682,2336,2336,1629,69.7,1629,663,681,662
683,2916,2916,2139,73.4,2129,661,662,686
684,3524,3524,2560,72.6,2560,660,683,686
685,2579,2579,2012,78.0,2012,659,774,658
686,2017,2017,1527,75.7,1527,687,683,688
687,1711,1711,1297,75.8,1266,686,688,775
688,1127,1127,928,82.3,928,689,686,662
689,1526,1526,925,60.6,925,688,693,680
690,1450,1450,723,49.9,723,679,691,680
691,2305,2305,1498,65.0,1498,690,692,679
692,2112,2112,1357,64.3,1357,691,695,693
693,3129,3129,1996,63.8,1996,689,694,691
694,4887,4887,3282,67.2,3282,693,687,689
695,1712,1712,1152,67.3,1152,749,750,692
696,3351,3351,2243,66.9,2243,698,873,697
697,1652,1652,1068,64.6,1068,698,696,701
698,3657,3657,2474,67.7,2474,697,696,701
699,1321,1321,794,60.1,794,702,698,518
700,4727,4727,3361,71.1,3361,504,516,505
701,3373,3373,2207,65.4,2161,702,531,704
702,2680,2680,1486,55.4,1486,701,518,699
703,4849,4849,3027,62.4,3027,706,553,552
704,3073,3073,2055,66.9,2055,705,706,703
705,3612,3612,2302,63.7,2302,706,704,707
706,3788,3788,2906,76.7,2896,705,707,703
707,2148,2148,1745,81.2,1745,553,708,706
708,2754,2754,2216,80.5,2204,710,707,709
709,3188,3188,2135,67.0,2135,708,583,710
710,2830,2830,1562,55.2,1562,582,708,581
711,3841,3841,2151,56.0,2138,712,512,513
712,1615,1615,1004,62.2,1004,713,711,564
713,2662,2662,1827,68.6,1827,712,776,564
714,3830,3830,2507,65.5,2507,730,776,729
715,2479,2479,1841,74.3,1841,716,565,566
716,1760,1760,1396,79.3,1396,715,566,565
717,2903,2903,2051,70.7,2051,718,600,719
718,3408,3408,2718,79.8,2718,717,567,719
719,3203,3203,2373,74.1,2373,720,717,718
720,3775,3775,2522,66.8,2522,719,721,722
721,3024,3024,2018,66.7,2018,620,720,622
722,1710,1710,1391,81.3,1391,619,720,622
723,2899,2899,2006,69.2,2006,724,623,738
724,2933,2933,2057,70.1,2057,723,738,725
725,2168,2168,1684,77.7,1684,726,737,622
726,2120,2120,1660,78.3,1660,725,737,728
727,2845,2845,2006,70.5,2006,736,728,729
728,1704,1704,1272,74.6,1272,727,726,620
729,2352,2352,1766,75.1,1766,621,727,728
730,2590,2590,1646,63.6,1646,731,714,729
731,3063,3063,2065,67.4,2065,730,733,732
732,4624,4624,3061,66.2,3061,733,731,743
733,1571,1571,1152,73.3,1152,732,734,735
734,2412,2412,1298,53.8,1298,671,735,672
735,2381,2381,1511,63.5,1511,736,734,727
736,3011,3011,2063,68.5,2063,727,735,734
737,3573,3573,2650,74.2,2650,739,726,725
738,3672,3672,2750,74.9,2737,669,670,724
739,2993,2993,2329,77.8,2329,737,740,670
740,2441,2441,1528,62.6,1528,739,673,670
741,3410,3410,2264,66.4,2264,640,650,723
742,3156,3156,2132,67.6,2132,743,751,752
743,3321,3321,1943,58.5,1943,742,732,733
744,3138,3138,2157,68.7,2157,672,674,746
745,2624,2624,1837,70.0,1837,746,674,676
746,2779,2779,1890,68.0,1890,745,744,674
747,1515,1515,1030,68.0,1030,668,676,667
748,5871,5871,4112,70.0,4079,750,668,747
749,3467,3467,2264,65.3,2244,695,750,755
750,4419,4419,2339,52.9,2329,749,748,695
751,3956,3956,2684,67.8,2684,742,752,753
752,2356,2356,1498,63.6,1498,751,1142,742
753,2546,2546,1247,49.0,1247,754,746,751
754,4295,4295,2785,64.8,2785,753,746,755
755,4543,4543,2963,65.2,2963,749,754,756
756,6658,6658,4933,74.1,4933,755,749,794
757,4263,4263,2956,69.3,2956,758,759,752
758,3568,3568,2444,68.5,2444,759,793,757
759,3071,3071,2224,72.4,2224,758,753,757
760,5678,5678,3876,68.3,3876,765,766,767
761,4613,4613,3627,78.6,3614,765,764,694
762,2239,2239,1463,65.3,1463,768,767,766
763,3188,3188,2142,67.2,2142,764,773,767
764,2263,2263,1535,67.8,1535,765,767,763
765,2669,2669,1955,73.2,1955,764,767,766
766,1512,1512,1028,68.0,1028,768,767,765
767,2944,2944,1965,66.7,1965,766,764,765
768,1997,1997,1429,71.6,1429,766,762,767
769,2500,2500,1695,67.8,1695,770,772,771
770,3817,3817,2638,69.1,2638,769,771,772
771,2414,2414,1487,61.6,1487,770,773,775
772,2332,2332,1334,57.2,1334,769,770,773
773,3375,3375,2143,63.5,2143,763,771,772
774,3553,3553,2280,64.2,2280,685,659,775
775,4208,4208,3017,71.7,2929,684,774,687
776,3169,3169,1759,55.5,1759,714,715,713
777,1087,1087,501,46.1,501,593,594,781
778,1431,1431,687,48.0,687,591,592,783
779,1456,1456,886,60.9,886,607,780,614
780,1428,1428,818,57.3,818,779,590,579
781,1152,1152,572,49.7,572,784,606,777
782,679,679,222,32.7,222,785,777,778
783,1274,1274,427,33.5,427,629,779,778
784,1704,1704,1032,60.6,1032,781,628,634
785,887,887,442,49.8,442,782,632,633
786,2424,2424,1039,42.9,1039,629,631,795
787,2049,2049,1096,53.5,1096,632,633,634
788,1246,1246,1014,81.4,1014,644,795,645
789,1190,1190,838,70.4,838,656,645,655
790,1064,1064,611,57.4,611,625,638,639
791,1936,1936,1085,56.0,1085,792,609,585
792,3286,3286,2403,73.1,2403,609,791,586
793,5318,5318,1958,36.8,1958,758,794,756
794,4486,4486,3385,75.5,3385,756,793,755
795,1944,1944,1754,90.2,1754,788,631,786
796,3445,3445,2352,68.3,2308,801,800,802
797,3693,3693,2548,69.0,2434,799,798,804
798,4756,4756,3250,68.3,3210,799,797,804
799,3591,3591,2389,66.5,2335,798,797,804
800,4379,4379,2900,66.2,2811,801,796,803
801,3167,3167,2186,69.0,2174,800,796,802
802,3442,3442,2201,63.9,2185,801,367,800
803,3304,3304,2185,66.1,2172,800,801,802
804,4147,4147,2981,71.9,2970,799,798,1067
805,2561,2561,1134,44.3,1134,304,806,807
806,1904,1904,1104,58.0,1104,489,808,807
807,2258,2258,1407,62.3,1407,808,1017,1016
808,2487,2487,1708,68.7,1708,813,807,1016
809,2012,2012,1398,69.5,1398,813,812,808
810,2205,2205,1528,69.3,1528,811,493,492
811,3162,3162,2071,65.5,2060,810,812,493
812,3675,3675,2639,71.8,2639,811,813,809
813,3456,3456,2270,65.7,2270,808,809,812
814,1569,1569,820,52.3,820,303,825,815
815,2594,2594,1535,59.2,1535,824,825,817
816,1344,1344,964,71.7,964,817,435,824
817,1638,1638,1101,67.2,1101,816,824,825
818,1661,1661,991,59.7,991,1073,819,823
819,1989,1989,1127,56.7,1127,823,818,822
820,1083,1083,649,59.9,649,437,821,822
821,2140,2140,1130,52.8,1130,1072,820,823
822,1618,1618,1035,64.0,1035,436,816,435
823,1852,1852,1122,60.6,1122,819,818,1073
824,2996,2996,2190,73.1,2190,825,815,817
825,3765,3765,2181,57.9,2181,824,815,817
826,2242,2242,1286,57.4,1286,828,836,832
827,3300,3300,2395,72.6,2395,835,828,833
828,1738,1738,1088,62.6,1088,826,836,827
829,2863,2863,2188,76.4,2188,830,839,838
830,3241,3241,2334,72.0,2334,829,90,97
831,3608,3608,2529,70.1,2521,89,90,832
832,1241,1241,872,70.3,872,826,828,1234
833,1673,1673,1219,72.9,1219,1234,827,832
834,4149,4149,3057,73.7,3057,835,837,827
835,2152,2152,1617,75.1,1587,827,834,828
836,2411,2411,1799,74.6,1799,828,826,837
837,4199,4199,2356,56.1,2356,836,834,828
838,2635,2635,1803,68.4,1803,836,837,829
839,3699,3699,2715,73.4,2715,829,838,848
840,4941,4941,3513,71.1,3513,841,830,829
841,2184,2184,1578,72.3,1578,842,840,843
842,1359,1359,972,71.5,972,841,843,840
843,4487,4487,3479,77.5,3460,842,841,840
844,1594,1594,1276,80.1,1269,845,846,843
845,1302,1302,934,71.7,934,846,844,857
846,2139,2139,1438,67.2,1438,845,844,857
847,2465,2465,1728,70.1,1728,837,848,834
848,2200,2200,1719,78.1,1719,839,847,838
849,2170,2170,1689,77.8,1689,834,835,850
850,3410,3410,2651,77.7,2651,849,833,1235
851,3449,3449,2721,78.9,2721,852,1232,1233
852,4546,4546,3438,75.6,3438,1201,851,853
853,5618,5618,4135,73.6,4129,854,856,849
854,2684,2684,2082,77.6,2082,849,847,834
855,4655,4655,3480,74.8,3474,858,1026,72
856,3149,3149,2265,71.9,2265,853,852,1026
857,4446,4446,3501,78.7,3501,846,845,844
858,3534,3534,2412,68.3,2412,855,73,67
859,3375,3375,2560,75.9,2557,1049,861,1094
860,2714,2714,2124,78.3,2122,863,862,864
861,4651,4651,3388,72.8,3388,864,863,859
862,2051,2051,1718,83.8,1718,864,863,861
863,3953,3953,2862,72.4,2862,862,864,860
864,3874,3874,2560,66.1,2560,862,863,861
865,2444,2444,1769,72.4,1769,866,867,870
866,3917,3917,2906,74.2,2906,865,870,868
867,3744,3744,2777,74.2,2758,865,866,870
868,2592,2592,1642,63.3,1642,870,872,871
869,3093,3093,2034,65.8,2034,506,1118,504
870,4322,4322,2918,67.5,2918,868,871,866
871,4882,4882,3233,66.2,3233,872,870,873
872,3907,3907,2411,61.7,2411,871,873,699
873,2424,2424,1345,55.5,1345,696,872,871
874,3096,3096,2121,68.5,2121,263,77,76
875,2848,2848,1946,68.3,1946,78,883,876
876,2296,2296,1670,72.7,1670,883,265,875
877,4235,4235,3376,79.7,3376,882,1002,878
878,5155,5155,3698,71.7,3698,1001,879,1002
879,4347,4347,3385,77.9,3385,878,1001,880
880,5973,5973,4666,78.1,4653,879,878,1001
881,3900,3900,3029,77.7,3015,882,877,878
882,3807,3807,2804,73.7,2804,877,881,878
883,2888,2888,1978,68.5,1978,876,882,875
884,3114,3114,1834,58.9,1834,84,82,14
885,3161,3161,2100,66.4,2100,86,85,887
886,2353,2353,1676,71.2,1676,890,889,887
887,1810,1810,1143,63.1,1143,886,889,885
888,5097,5097,3903,76.6,3903,998,999,887
889,3904,3904,2320,59.4,2320,890,886,887
890,2962,2962,2088,70.5,2077,889,886,15
891,3444,3444,2393,69.5,2393,896,895,481
892,3617,3617,2492,68.9,2488,893,901,894
893,3502,3502,2274,64.9,2274,901,894,900
894,6456,6456,3950,61.2,3922,900,901,893
895,5531,5531,3591,64.9,3591,894,900,899
896,4027,4027,2972,73.8,2972,891,903,897
897,4201,4201,3187,75.9,3187,898,899,900
898,2539,2539,1850,72.9,1850,899,897,895
899,4207,4207,2914,69.3,2914,900,898,894
900,2571,2571,1804,70.2,1804,901,894,899
901,2457,2457,1693,68.9,1693,900,893,894
902,4696,4696,3270,69.6,3270,1262,897,1257
903,4031,4031,2889,71.7,2889,1206,896,897
904,2197,2197,1418,64.5,1418,905,907,906
905,2507,2507,1528,60.9,1528,904,11,907
906,1674,1674,1107,66.1,1107,909,905,1015
907,1754,1754,1064,60.7,1064,904,908,905
908,1920,1920,1251,65.2,1251,907,909,1051
909,1901,1901,1220,64.2,1220,1052,906,908
910,4458,4458,2306,51.7,2306,912,911,914
911,2252,2252,1436,63.8,1436,925,924,912
912,3890,3890,2202,56.6,2202,913,914,910
913,4130,4130,3170,76.8,3170,912,921,914
914,4173,4173,3204,76.8,3204,912,915,913
915,3573,3573,2337,65.4,2337,914,917,910
916,2834,2834,2037,71.9,2037,920,919,921
917,3659,3659,2340,64.0,2340,916,918,915
918,4027,4027,2851,70.8,2851,931,917,916
919,2185,2185,1213,55.5,1213,920,916,921
920,2103,2103,1379,65.6,1379,921,919,916
921,2839,2839,2035,71.7,2035,920,913,916
922,2945,2945,1820,61.8,1820,923,924,925
923,5035,5035,2855,56.7,2855,922,913,924
924,2764,2764,2016,72.9,2001,925,911,922
925,2996,2996,2222,74.2,2214,924,911,912
926,2799,2799,2107,75.3,2107,927,922,928
927,3063,3063,1608,52.5,1608,928,926,922
928,3100,3100,2193,70.7,2193,927,925,924
929,4588,4588,3250,70.8,3250,930,934,760
930,2331,2331,1612,69.2,1612,934,935,922
931,3008,3008,1841,61.2,1832,918,932,919
932,5525,5525,2635,47.7,2635,931,933,935
933,3293,3293,2093,63.6,2093,932,937,931
934,4283,4283,3031,70.8,3031,935,930,923
935,3054,3054,1837,60.2,1837,934,919,920
936,4096,4096,2913,71.1,2913,948,937,941
937,2118,2118,1413,66.7,1413,936,933,938
938,3026,3026,2176,71.9,2176,793,937,758
939,2505,2505,2034,81.2,2034,940,945,1148
940,3923,3923,2932,74.7,2932,939,1150,941
941,2486,2486,1739,70.0,1734,948,940,945
942,4392,4392,3049,69.4,3049,943,946,944
943,3667,3667,2560,69.8,2560,942,944,946
944,5064,5064,3627,71.6,3617,943,942,946
945,2899,2899,1839,63.4,1839,947,946,939
946,4394,4394,3263,74.3,3263,943,945,942
947,4467,4467,3312,74.1,3312,945,946,939
948,777,777,95,12.2,95,936,941,937
949,2072,2072,1372,66.2,1368,950,1065,951
950,4049,4049,2742,67.7,2742,951,952,949
951,2252,2252,1507,66.9,1507,952,950,953
952,2606,2606,1723,66.1,1723,951,950,953
953,3524,3524,2399,68.1,2399,952,951,950
954,724,724,371,51.2,371,956,959,955
955,2083,2083,1418,68.1,1418,954,961,956
956,1891,1891,1418,75.0,1418,954,963,955
957,2497,2497,1555,62.3,1555,964,956,954
958,3233,3233,2120,65.6,2113,959,957,954
959,2658,2658,2003,75.4,2003,954,955,961
960,3176,3176,1933,60.9,1933,961,962,959
961,3009,3009,2094,69.6,2094,962,955,960
962,2225,2225,1555,69.9,1555,961,955,960
963,2374,2374,1574,66.3,1574,956,955,954
964,4329,4329,2820,65.1,2820,957,956,963
965,4204,4204,3054,72.6,3040,964,957,956
966,4528,4528,2837,62.7,2837,958,959,957
967,5744,5744,3998,69.6,3977,962,963,961
968,3401,3401,2541,74.7,2541,960,961,962
969,4716,4716,3356,71.2,3356,979,964,963
970,2423,2423,1616,66.7,1616,974,973,971
971,3133,3133,2126,67.9,2126,972,975,970
972,3979,3979,2628,66.0,2628,971,973,975
973,2993,2993,1923,64.2,1923,974,970,972
974,1876,1876,1303,69.5,1303,970,973,978
975,3247,3247,2136,65.8,2136,971,972,976
976,2941,2941,1727,58.7,1727,975,972,971
977,2004,2004,1371,68.4,1371,976,975,972
978,1373,1373,839,61.1,839,980,973,972
979,2923,2923,1924,65.8,1924,980,978,981
980,1791,1791,1169,65.3,1169,978,973,974
981,4461,4461,2923,65.5,2909,980,979,978
982,2899,2899,1958,67.5,1958,981,980,974
983,2141,2141,1471,68.7,1471,984,977,326
984,4005,4005,2816,70.3,2813,983,965,986
985,4066,4066,2679,65.9,2666,986,205,966
986,3937,3937,2709,68.8,2709,985,205,966
987,2078,2078,1508,72.6,1508,968,1078,967
988,2557,2557,1871,73.2,1871,1079,982,967
989,2911,2911,1831,62.9,1831,993,992,1015
990,1718,1718,1093,63.6,1093,991,18,106
991,1921,1921,1116,58.1,1113,106,990,993
992,2358,2358,1627,69.0,1625,993,989,991
993,2993,2993,1547,51.7,1547,992,989,991
994,1665,1665,1272,76.4,1272,995,997,996
995,4877,4877,3607,74.0,3607,994,997,996
996,3427,3427,2785,81.3,2760,997,995,994
997,4146,4146,3202,77.2,3191,995,994,996
998,3842,3842,2717,70.7,2717,999,1003,996
999,3883,3883,2910,74.9,2910,998,1003,889
1000,3373,3373,2419,71.7,2419,261,876,890
1001,3308,3308,2375,71.8,2375,878,879,1002
1002,3220,3220,2589,80.4,2559,1003,1001,878
1003,5136,5136,4090,79.6,4084,1002,999,998
1004,3878,3878,2867,73.9,2849,1010,371,1005
1005,4070,4070,2707,66.5,2707,1006,1007,118
1006,2612,2612,1995,76.4,1979,1005,1007,118
1007,2553,2553,1869,73.2,1869,1005,1006,1008
1008,2383,2383,1815,76.2,1815,217,1007,215
1009,2997,2997,2185,72.9,2178,333,1011,217
1010,2033,2033,1601,78.8,1601,1004,371,1011
1011,3181,3181,2332,73.3,2330,1009,1010,1004
1012,3343,3343,2227,66.6,2226,1013,1091,1089
1013,1894,1894,1111,58.7,1111,1091,1012,1014
1014,1283,1283,857,66.8,857,1013,1015,993
1015,1441,1441,858,59.5,858,989,906,1014
1016,2402,2402,1559,64.9,1559,1025,1017,1026
1017,1735,1735,834,48.1,834,1016,1025,1020
1018,3219,3219,2201,68.4,2201,1019,503,1020
1019,3895,3895,2576,66.1,2576,1020,1018,503
1020,3610,3610,2062,57.1,2062,1019,1018,1017
1021,3093,3093,1953,63.1,1943,1024,1022,503
1022,2468,2468,1622,65.7,1622,1023,1021,431
1023,3876,3876,2558,66.0,2558,1022,481,480
1024,3165,3165,2108,66.6,2108,1193,1203,1021
1025,2790,2790,1950,69.9,1950,1016,1026,1017
1026,3097,3097,2243,72.4,2238,1025,1016,855
1027,2801,2801,2060,73.5,2060,1029,1028,1050
1028,2323,2323,1760,75.8,1760,1032,1029,1027
1029,3501,3501,2293,65.5,2293,1028,1027,1032
1030,5773,5773,4031,69.8,4017,1031,1029,1028
1031,3662,3662,2313,63.2,2313,1030,1032,1034
1032,2864,2864,2022,70.6,2022,1028,1033,1050
1033,4154,4154,3289,79.2,3289,1050,1032,1028
1034,3831,3831,2453,64.0,2434,1035,1031,1033
1035,5709,5709,3495,61.2,3495,1034,1036,1033
1036,2920,2920,2061,70.6,2061,1035,1033,1050
1037,1254,1254,968,77.2,968,1038,1044,1043
1038,3532,3532,2632,74.5,2632,1043,1037,1044
1039,2576,2576,1780,69.1,1780,463,1041,1038
1040,3260,3260,1460,44.8,1450,1039,95,463
1041,3048,3048,1844,60.5,1844,1043,1039,1047
1042,4479,4479,3256,72.7,3256,1043,1046,1044
1043,2904,2904,1980,68.2,1980,1038,1042,1044
1044,6329,6329,4791,75.7,4791,1030,1031,1034
1045,2685,2685,1841,68.6,1837,1035,1034,1036
1046,2506,2506,1867,74.5,1867,1042,1045,1043
1047,2115,2115,1576,74.5,1576,1049,1041,1046
1048,2632,2632,1840,69.9,1838,1094,1049,1047
1049,2813,2813,2068,73.5,2068,859,1047,1048
1050,1876,1876,1384,73.8,1384,1033,1032,1028
1051,3236,3236,2220,68.6,2216,1055,1054,1056
1052,1777,1777,1175,66.1,1175,1054,909,1053
1053,2369,2369,1446,61.0,1444,110,1052,105
1054,3960,3960,2965,74.9,2965,1055,1056,1052
1055,2157,2157,1366,63.3,1366,1056,1054,108
1056,2695,2695,1928,71.5,1928,1055,108,1054
1057,2577,2577,1851,71.8,1851,1060,1058,344
1058,2560,2560,1772,69.2,1772,1057,1059,283
1059,1858,1858,1350,72.7,1350,1062,1058,1060
1060,3101,3101,1798,58.0,1798,1057,1061,1059
1061,2328,2328,1519,65.2,1519,1064,1060,1059
1062,3089,3089,2196,71.1,2196,1063,1059,80
1063,3907,3907,2864,73.3,2858,1062,1064,418
1064,2966,2966,2083,70.2,2079,1061,1063,417
1065,3022,3022,2011,66.5,2008,949,370,1066
1066,3000,3000,1805,60.2,1805,1067,803,804
1067,3179,3179,2114,66.5,2114,1068,1069,804
1068,4152,4152,2502,60.3,2502,1067,1069,1070
1069,2639,2639,1709,64.8,1706,1068,127,1067
1070,3430,3430,2321,67.7,2321,1068,1071,1067
1071,3170,3170,2101,66.3,2101,1070,423,413
1072,2678,2678,1606,60.0,1606,821,823,341
1073,3519,3519,2282,64.8,2282,818,823,819
1074,1990,1990,1353,68.0,1353,1183,1184,947
1075,2523,2523,1753,69.5,1751,1076,1078,1077
1076,3710,3710,2689,72.5,2689,1077,1078,1075
1077,3263,3263,2028,62.2,2028,1078,1076,359
1078,2845,2845,1843,64.8,1843,1077,1076,359
1079,4156,4156,3011,72.4,3011,1080,988,1081
1080,2919,2919,2305,79.0,2305,1081,1079,1082
1081,3605,3605,2518,69.8,2518,1080,1082,1086
1082,4721,4721,3680,77.9,3669,1083,1081,1085
1083,2428,2428,1762,72.6,1762,1082,1085,1086
1084,3854,3854,2853,74.0,2853,1087,1085,942
1085,2546,2546,1720,67.6,1720,1086,1083,1088
1086,1932,1932,1306,67.6,1306,1085,1088,1083
1087,4454,4454,3012,67.6,2999,398,1084,399
1088,3906,3906,2921,74.8,2917,1086,1085,1083
1089,1602,1602,874,54.6,874,1090,1091,1012
1090,1597,1597,945,59.2,945,1089,1092,1091
1091,2159,2159,1333,61.7,1333,1013,1012,13
1092,3441,3441,2265,65.8,2265,1090,82,13
1093,2850,2850,2185,76.7,2185,1098,1101,1102
1094,3155,3155,2355,74.6,2355,1093,1098,1095
1095,4000,4000,3093,77.3,3089,1093,1101,1110
1096,3993,3993,3063,76.7,3063,1097,1099,1103
1097,4248,4248,2767,65.1,2767,1099,1103,1100
1098,3435,3435,2493,72.6,2493,1102,1093,1103
1099,2735,2735,2070,75.7,2070,1103,1097,1102
1100,4462,4462,2937,65.8,2937,1102,1103,1101
1101,4284,4284,3047,71.1,3047,1102,1100,1098
1102,1610,1610,1213,75.3,1213,1100,1103,1098
1103,1893,1893,1162,61.4,1162,1099,1102,1100
1104,4381,4381,3375,77.0,3375,1097,1105,1107
1105,3472,3472,2660,76.6,2648,1109,1106,1107
1106,4008,4008,2920,72.9,2920,1109,1105,235
1107,2698,2698,1949,72.2,1949,1109,1105,1112
1108,3062,3062,2295,75.0,2295,1109,1106,1107
1109,3086,3086,2260,73.2,2249,1105,1106,1107
1110,3718,3718,2829,76.1,2829,1101,1095,1100
1111,2065,2065,1471,71.2,1471,1112,1100,1103
1112,4522,4522,3297,72.9,3297,1111,1113,1107
1113,4895,4895,3682,75.2,3682,1114,1112,1175
1114,3996,3996,2991,74.8,2991,1113,1172,1175
1115,3712,3712,2826,76.1,2826,1117,1116,1118
1116,4565,4565,3434,75.2,3434,1117,1120,1118
1117,3720,3720,2688,72.3,2688,1116,1118,1115
1118,3073,3073,2614,85.1,2614,1116,1117,1121
1119,3481,3481,2534,72.8,2534,1120,1122,1116
1120,3948,3948,2736,69.3,2736,1121,1119,1116
1121,2429,2429,1636,67.4,1636,1120,1123,1118
1122,3069,3069,1730,56.4,1730,1125,1120,1119
1123,3458,3458,2437,70.5,2437,1121,508,1125
1124,3223,3223,2330,72.3,2330,1119,1172,1173
1125,4993,4993,3470,69.5,3470,1122,1126,1123
1126,4293,4293,3002,69.9,3002,1128,1125,1127
1127,1472,1472,1069,72.6,1069,512,711,1128
1128,3123,3123,1982,63.5,1982,1126,1132,1133
1129,3934,3934,2721,69.2,2721,1136,1131,1130
1130,3710,3710,2544,68.6,2544,1131,1129,1126
1131,2987,2987,1742,58.3,1742,1130,1129,1133
1132,3125,3125,1967,62.9,1967,1128,1133,712
1133,3184,3184,1982,62.2,1972,1128,1132,1134
1134,3832,3832,2488,64.9,2473,1137,1140,1135
1135,2272,2272,1555,68.4,1555,1139,730,1140
1136,1655,1655,1068,64.5,1068,1163,1129,1164
1137,2625,2625,1549,59.0,1549,1134,1131,1140
1138,3743,3743,2821,75.4,2821,1164,1137,1159
1139,3796,3796,2430,64.0,2430,1135,732,1140
1140,3095,3095,2339,75.6,2339,1141,1134,1139
1141,3391,3391,2402,70.8,2387,1140,1139,1143
1142,4582,4582,3261,71.2,3261,752,1144,1149
1143,2334,2334,1580,67.7,1580,1144,1141,1149
1144,3804,3804,2580,67.8,2580,1143,1149,1142
1145,4039,4039,2897,71.7,2897,1155,1138,1146
1146,3716,3716,2757,74.2,2757,1147,1149,1144
1147,4684,4684,3533,75.4,3533,1149,1146,1142
1148,3577,3577,2844,79.5,2834,1146,1147,1152
1149,1234,1234,832,67.4,832,1147,1146,1144
1150,3747,3747,2725,72.7,2725,1147,757,1149
1151,4038,4038,2995,74.2,2971,1152,1184,1154
1152,3122,3122,2199,70.4,2199,1151,1148,939
1153,2800,2800,2150,76.8,2150,1154,1156,1157
1154,3855,3855,2996,77.7,2996,1153,1157,1151
1155,2517,2517,1818,72.2,1818,1158,1145,1157
1156,3284,3284,2616,79.7,2607,1157,1166,1153
1157,3650,3650,2650,72.6,2650,1160,1156,1161
1158,3936,3936,2900,73.7,2900,1159,1160,1161
1159,3231,3231,2515,77.8,2515,1162,1158,1160
1160,2660,2660,1891,71.1,1891,1161,1158,1166
1161,1438,1438,864,60.1,864,1160,1166,1162
1162,3078,3078,2137,69.4,2137,1159,1163,1161
1163,3772,3772,2929,77.7,2929,1164,1162,1136
1164,2882,2882,1608,55.8,1608,1163,1159,1136
1165,2287,2287,1079,47.2,1079,1166,1161,1162
1166,3541,3541,2675,75.5,2675,1161,1165,1160
1167,3464,3464,2632,76.0,2632,1177,1176,1180
1168,2915,2915,1993,68.4,1993,1174,1167,1170
1169,2779,2779,2003,72.1,2003,1171,1173,1129
1170,3269,3269,2532,77.5,2532,1165,1166,1168
1171,3006,3006,2220,73.9,2220,1169,1173,1172
1172,4103,4103,3079,75.0,3058,1173,1171,1124
1173,2372,2372,1680,70.8,1680,1172,1171,1169
1174,2600,2600,2076,79.8,2076,1168,1177,1175
1175,4945,4945,3718,75.2,3715,1171,1174,1172
1176,3166,3166,2526,79.8,2526,1177,1180,1167
1177,4334,4334,3340,77.1,3325,1176,1167,1180
1178,3954,3954,2696,68.2,2696,1180,1167,1179
1179,2367,2367,1691,71.4,1691,1180,1176,1178
1180,3589,3589,2546,70.9,2546,1178,1179,1176
1181,4494,4494,3320,73.9,3320,1183,1184,1182
1182,3177,3177,2445,77.0,2445,1181,1187,1178
1183,3336,3336,2433,72.9,2433,1184,1181,1074
1184,3555,3555,2752,77.4,2752,1183,1151,1181
1185,3831,3831,2921,76.2,2916,1187,1182,1186
1186,3315,3315,2144,64.7,2140,1187,1188,354
1187,3467,3467,2462,71.0,2462,1186,1182,1185
1188,4071,4071,2943,72.3,2943,1190,1189,1179
1189,3721,3721,2667,71.7,2667,1190,1191,1192
1190,3094,3094,2130,68.8,2130,1189,1188,1191
1191,1692,1692,961,56.8,952,1189,1192,1190
1192,1818,1818,1354,74.5,1354,1189,1191,1190
1193,3197,3197,2071,64.8,2071,1203,1024,856
1194,2269,2269,1526,67.3,1526,1196,1203,1195
1195,3125,3125,2052,65.7,2052,1197,1202,1196
1196,3468,3468,2477,71.4,2477,1194,1199,1204
1197,2821,2821,1219,43.2,1219,1202,1198,1195
1198,3961,3961,2595,65.5,2595,1202,1197,1199
1199,2770,2770,1828,66.0,1828,1202,1198,1196
1200,3726,3726,2643,70.9,2643,1204,1201,1232
1201,4864,4864,3197,65.7,3197,852,1204,1200
1202,4941,4941,3060,61.9,3052,1198,1197,1199
1203,3644,3644,2408,66.1,2408,1193,1024,1194
1204,3223,3223,2431,75.4,2431,1201,1200,1199
1205,2446,2446,1592,65.1,1589,1209,1198,1199
1206,2394,2394,1544,64.5,1543,903,1207,1210
1207,2763,2763,1649,59.7,1635,1206,498,1210
1208,1831,1831,1072,58.5,1072,1210,1209,498
1209,3843,3843,1801,46.9,1801,328,327,1205
1210,3426,3426,2058,60.1,2058,1208,498,1206
1211,2381,2381,1685,70.8,1655,1212,1223,1220
1212,2156,2156,1570,72.8,1565,1211,1214,1223
1213,3176,3176,2118,66.7,2118,1214,1212,1211
1214,2194,2194,1635,74.5,1635,1216,1215,1212
1215,5424,5424,3424,63.1,3406,1216,1220,1219
1216,2291,2291,1557,68.0,1533,1215,1217,1214
1217,2697,2697,1970,73.0,1970,1216,1218,1215
1218,2289,2289,1560,68.2,1560,1219,1216,1217
1219,3034,3034,1790,59.0,1790,1218,1221,1220
1220,1462,1462,1067,73.0,1067,1215,1219,1216
1221,2211,2211,1541,69.7,1541,1219,1222,1220
1222,3096,3096,1960,63.3,1960,1221,1223,1220
1223,2626,2626,2052,78.1,2052,1211,1220,1222
1224,4258,4258,1481,34.8,1481,1213,1245,1214
1225,4787,4787,1512,31.6,1512,1228,1217,1218
1226,4066,4066,3000,73.8,3000,1227,1221,1219
1227,4456,4456,2589,58.1,2589,1228,1226,1218
1228,3221,3221,2318,72.0,2318,1227,1218,1225
1229,4165,4165,3075,73.8,3067,1223,1222,1211
1230,2620,2620,1774,67.7,1773,327,328,1231
1231,3551,3551,2438,68.7,2438,1232,1228,1225
1232,2366,2366,1549,65.5,1549,1231,1200,851
1233,4405,4405,2973,67.5,2973,1247,1225,1244
1234,3650,3650,2493,68.3,2493,833,1236,832
1235,3203,3203,2247,70.2,2247,1237,1239,1240
1236,3725,3725,2766,74.3,2766,1234,1238,89
1237,1934,1934,1373,71.0,1373,1239,1235,1240
1238,3614,3614,2562,70.9,2562,1236,1241,1240
1239,1693,1693,1187,70.1,1187,1237,1240,1235
1240,1254,1254,834,66.5,834,1241,1239,1237
1241,1648,1648,1177,71.4,1177,1240,1238,1239
1242,1726,1726,1348,78.1,1348,1246,1241,1240
1243,2164,2164,1492,68.9,1492,1244,1245,1239
1244,3004,3004,2269,75.5,2269,1243,1247,1245
1245,2419,2419,1732,71.6,1732,1247,1243,1244
1246,3084,3084,2226,72.2,2226,1242,1241,1240
1247,2959,2959,2176,73.5,2157,1245,1244,1243
1248,3623,3623,2656,73.3,2647,1249,1258,1251
1249,3952,3952,2901,73.4,2871,1251,1250,1252
1250,2412,2412,1710,70.9,1710,1253,1251,1252
1251,2714,2714,1937,71.4,1937,1250,1252,1253
1252,2674,2674,1688,63.1,1688,1250,1253,1251
1253,3648,3648,2290,62.8,2280,1250,1252,1251
1254,3926,3926,2843,72.4,2843,1252,1251,1250
1255,2177,2177,1535,70.5,1535,1254,1256,1251
1256,3224,3224,2152,66.7,2152,1264,1259,1260
1257,4553,4553,2900,63.7,2900,1262,1261,1258
1258,2754,2754,1871,67.9,1868,1257,1261,1259
1259,2999,2999,1988,66.3,1988,1260,1264,1261
1260,3591,3591,2144,59.7,2144,1261,1259,1262
1261,4443,4443,2415,54.4,2415,1260,1262,1257
1262,4793,4793,3386,70.6,3373,1261,1257,1260
1263,4209,4209,2746,65.2,2746,1261,1260,1262
1264,3746,3746,2372,63.3,2364,1259,1260,1256
